% Number of different bins in sensitivity calculation:

SENS_N_MAT = 1;
SENS_N_ZAI = 1;
SENS_N_PERT = 83;
SENS_N_ENE = 1;
SENS_N_MU = 1;

% Materials included in sensitivity calculation:

SENS_MAT_LIST = [
'total                         '
];

% Indices for different materials:

iSENS_MAT_TOT              = 1;

% Nuclides included in sensitivity calculation:

SENS_ZAI_LIST = [
0        % total
];

% Indices for different ZAIs:

iSENS_ZAI_TOT      = 1;

% Reactions included in sensitivity calculation:

SENS_PERT_LIST = [
'total xs                      '
'942390_MT2_1                  '
'942390_MT2_2                  '
'942390_MT2_3                  '
'942390_MT2_4                  '
'942390_MT2_5                  '
'942390_MT2_6                  '
'942390_MT2_7                  '
'942390_MT2_8                  '
'942390_MT2_9                  '
'942390_MT2_10                 '
'942390_MT2_11                 '
'942390_MT2_12                 '
'942390_MT2_13                 '
'942390_MT2_14                 '
'942390_MT2_15                 '
'942390_MT2_16                 '
'942390_MT2_17                 '
'942390_MT2_18                 '
'942390_MT2_19                 '
'942390_MT2_20                 '
'942390_MT2_21                 '
'942390_MT2_22                 '
'942390_MT2_23                 '
'942390_MT2_24                 '
'942390_MT2_25                 '
'942390_MT2_26                 '
'942390_MT18_1                 '
'942390_MT18_2                 '
'942390_MT18_3                 '
'942390_MT18_4                 '
'942390_MT18_5                 '
'942390_MT18_6                 '
'942390_MT18_7                 '
'942390_MT18_8                 '
'942390_MT18_9                 '
'942390_MT18_10                '
'942390_MT18_11                '
'942390_MT18_12                '
'942390_MT18_13                '
'942390_MT18_14                '
'942390_MT18_15                '
'942390_MT18_16                '
'942390_MT18_17                '
'942390_MT18_18                '
'942390_MT18_19                '
'942390_MT18_20                '
'942390_MT18_21                '
'942390_MT18_22                '
'942390_MT18_23                '
'942390_MT18_24                '
'942390_MT18_25                '
'942390_MT18_26                '
'942390_MT18_27                '
'942390_MT18_28                '
'942390_MT18_29                '
'942390_MT102_1                '
'942390_MT102_2                '
'942390_MT102_3                '
'942390_MT102_4                '
'942390_MT102_5                '
'942390_MT102_6                '
'942390_MT102_7                '
'942390_MT102_8                '
'942390_MT102_9                '
'942390_MT102_10               '
'942390_MT102_11               '
'942390_MT102_12               '
'942390_MT102_13               '
'942390_MT102_14               '
'942390_MT102_15               '
'942390_MT102_16               '
'942390_MT102_17               '
'942390_MT102_18               '
'942390_MT102_19               '
'942390_MT102_20               '
'942390_MT102_21               '
'942390_MT102_22               '
'942390_MT102_23               '
'942390_MT102_24               '
'942390_MT102_25               '
'942390_MT102_26               '
'942390_MT102_27               '
];

% Indices for different perturbations:

iSENS_PERT_TOT_XS       = 1;
iSENS_PERT_942390_MT2_1 = 2;
iSENS_PERT_942390_MT2_2 = 3;
iSENS_PERT_942390_MT2_3 = 4;
iSENS_PERT_942390_MT2_4 = 5;
iSENS_PERT_942390_MT2_5 = 6;
iSENS_PERT_942390_MT2_6 = 7;
iSENS_PERT_942390_MT2_7 = 8;
iSENS_PERT_942390_MT2_8 = 9;
iSENS_PERT_942390_MT2_9 = 10;
iSENS_PERT_942390_MT2_10 = 11;
iSENS_PERT_942390_MT2_11 = 12;
iSENS_PERT_942390_MT2_12 = 13;
iSENS_PERT_942390_MT2_13 = 14;
iSENS_PERT_942390_MT2_14 = 15;
iSENS_PERT_942390_MT2_15 = 16;
iSENS_PERT_942390_MT2_16 = 17;
iSENS_PERT_942390_MT2_17 = 18;
iSENS_PERT_942390_MT2_18 = 19;
iSENS_PERT_942390_MT2_19 = 20;
iSENS_PERT_942390_MT2_20 = 21;
iSENS_PERT_942390_MT2_21 = 22;
iSENS_PERT_942390_MT2_22 = 23;
iSENS_PERT_942390_MT2_23 = 24;
iSENS_PERT_942390_MT2_24 = 25;
iSENS_PERT_942390_MT2_25 = 26;
iSENS_PERT_942390_MT2_26 = 27;
iSENS_PERT_942390_MT18_1 = 28;
iSENS_PERT_942390_MT18_2 = 29;
iSENS_PERT_942390_MT18_3 = 30;
iSENS_PERT_942390_MT18_4 = 31;
iSENS_PERT_942390_MT18_5 = 32;
iSENS_PERT_942390_MT18_6 = 33;
iSENS_PERT_942390_MT18_7 = 34;
iSENS_PERT_942390_MT18_8 = 35;
iSENS_PERT_942390_MT18_9 = 36;
iSENS_PERT_942390_MT18_10 = 37;
iSENS_PERT_942390_MT18_11 = 38;
iSENS_PERT_942390_MT18_12 = 39;
iSENS_PERT_942390_MT18_13 = 40;
iSENS_PERT_942390_MT18_14 = 41;
iSENS_PERT_942390_MT18_15 = 42;
iSENS_PERT_942390_MT18_16 = 43;
iSENS_PERT_942390_MT18_17 = 44;
iSENS_PERT_942390_MT18_18 = 45;
iSENS_PERT_942390_MT18_19 = 46;
iSENS_PERT_942390_MT18_20 = 47;
iSENS_PERT_942390_MT18_21 = 48;
iSENS_PERT_942390_MT18_22 = 49;
iSENS_PERT_942390_MT18_23 = 50;
iSENS_PERT_942390_MT18_24 = 51;
iSENS_PERT_942390_MT18_25 = 52;
iSENS_PERT_942390_MT18_26 = 53;
iSENS_PERT_942390_MT18_27 = 54;
iSENS_PERT_942390_MT18_28 = 55;
iSENS_PERT_942390_MT18_29 = 56;
iSENS_PERT_942390_MT102_1 = 57;
iSENS_PERT_942390_MT102_2 = 58;
iSENS_PERT_942390_MT102_3 = 59;
iSENS_PERT_942390_MT102_4 = 60;
iSENS_PERT_942390_MT102_5 = 61;
iSENS_PERT_942390_MT102_6 = 62;
iSENS_PERT_942390_MT102_7 = 63;
iSENS_PERT_942390_MT102_8 = 64;
iSENS_PERT_942390_MT102_9 = 65;
iSENS_PERT_942390_MT102_10 = 66;
iSENS_PERT_942390_MT102_11 = 67;
iSENS_PERT_942390_MT102_12 = 68;
iSENS_PERT_942390_MT102_13 = 69;
iSENS_PERT_942390_MT102_14 = 70;
iSENS_PERT_942390_MT102_15 = 71;
iSENS_PERT_942390_MT102_16 = 72;
iSENS_PERT_942390_MT102_17 = 73;
iSENS_PERT_942390_MT102_18 = 74;
iSENS_PERT_942390_MT102_19 = 75;
iSENS_PERT_942390_MT102_20 = 76;
iSENS_PERT_942390_MT102_21 = 77;
iSENS_PERT_942390_MT102_22 = 78;
iSENS_PERT_942390_MT102_23 = 79;
iSENS_PERT_942390_MT102_24 = 80;
iSENS_PERT_942390_MT102_25 = 81;
iSENS_PERT_942390_MT102_26 = 82;
iSENS_PERT_942390_MT102_27 = 83;

% Sensitivity calculation energy group boundaries:

SENS_E = [  1.00001E-11  2.00000E+01 ];

% Sensitivity calculation energy group lethargy widths:

SENS_LETHARGY_WIDTHS = [  2.83242E+01 ];

% Sensitivities with 10 latent generations:

% Effective multiplication factor:

ADJ_PERT_KEFF_SENS = [
  0.00000E+00 0.0E+00  0.00000E+00 0.0E+00  0.00000E+00 0.0E+00  0.00000E+00 0.0E+00  0.00000E+00 0.0E+00  0.00000E+00 0.0E+00  0.00000E+00 0.0E+00  0.00000E+00 0.0E+00  0.00000E+00 0.0E+00  0.00000E+00 0.0E+00  0.00000E+00 0.0E+00  0.00000E+00 0.0E+00  0.00000E+00 0.0E+00  0.00000E+00 0.0E+00  0.00000E+00 0.0E+00  0.00000E+00 0.0E+00  0.00000E+00 0.0E+00  0.00000E+00 0.0E+00  0.00000E+00 0.0E+00  0.00000E+00 0.0E+00  0.00000E+00 0.0E+00  0.00000E+00 0.0E+00  0.00000E+00 0.0E+00  0.00000E+00 0.0E+00  0.00000E+00 0.0E+00  0.00000E+00 0.0E+00  0.00000E+00 0.0E+00  0.00000E+00 0.0E+00  0.00000E+00 0.0E+00  0.00000E+00 0.0E+00  0.00000E+00 0.0E+00  0.00000E+00 0.0E+00  0.00000E+00 0.0E+00  0.00000E+00 0.0E+00  0.00000E+00 0.0E+00  0.00000E+00 0.0E+00  0.00000E+00 0.0E+00  0.00000E+00 0.0E+00  0.00000E+00 0.0E+00  0.00000E+00 0.0E+00  0.00000E+00 0.0E+00  0.00000E+00 0.0E+00  0.00000E+00 0.0E+00  0.00000E+00 0.0E+00  0.00000E+00 0.0E+00  0.00000E+00 0.0E+00  0.00000E+00 0.0E+00  0.00000E+00 0.0E+00  0.00000E+00 0.0E+00  0.00000E+00 0.0E+00  0.00000E+00 0.0E+00  0.00000E+00 0.0E+00  0.00000E+00 0.0E+00  0.00000E+00 0.0E+00  0.00000E+00 0.0E+00  0.00000E+00 0.0E+00  0.00000E+00 0.0E+00  0.00000E+00 0.0E+00  0.00000E+00 0.0E+00  0.00000E+00 0.0E+00  0.00000E+00 0.0E+00  0.00000E+00 0.0E+00  0.00000E+00 0.0E+00  0.00000E+00 0.0E+00  0.00000E+00 0.0E+00  0.00000E+00 0.0E+00  0.00000E+00 0.0E+00  0.00000E+00 0.0E+00  0.00000E+00 0.0E+00  0.00000E+00 0.0E+00  0.00000E+00 0.0E+00  0.00000E+00 0.0E+00  0.00000E+00 0.0E+00  0.00000E+00 0.0E+00  0.00000E+00 0.0E+00  0.00000E+00 0.0E+00  0.00000E+00 0.0E+00  0.00000E+00 0.0E+00  0.00000E+00 0.0E+00  0.00000E+00 0.0E+00  0.00000E+00 0.0E+00  0.00000E+00 0.0E+00  0.00000E+00 0.0E+00
];

