
DETNeutronSpectrum = [
    1    1    1    1     1     1     1    1    1    1  4.82796E-03 0.01105 
    2    2    1    1     1     1     1    1    1    1  1.76676E-01 0.00243 
    3    3    1    1     1     1     1    1    1    1  2.01563E+00 0.00093 
    4    4    1    1     1     1     1    1    1    1  1.62326E+00 0.00069 
    5    5    1    1     1     1     1    1    1    1  4.94221E-01 0.00075 
    6    6    1    1     1     1     1    1    1    1  2.07320E-01 0.00090 
    7    7    1    1     1     1     1    1    1    1  1.85818E-01 0.00084 
    8    8    1    1     1     1     1    1    1    1  2.17871E-01 0.00082 
    9    9    1    1     1     1     1    1    1    1  2.24634E-01 0.00083 
   10   10    1    1     1     1     1    1    1    1  8.54864E-02 0.00097 
   11   11    1    1     1     1     1    1    1    1  1.44241E-01 0.00087 
   12   12    1    1     1     1     1    1    1    1  2.05304E-01 0.00074 
   13   13    1    1     1     1     1    1    1    1  2.40644E-01 0.00075 
   14   14    1    1     1     1     1    1    1    1  2.45929E-01 0.00074 
   15   15    1    1     1     1     1    1    1    1  2.19480E-01 0.00077 
   16   16    1    1     1     1     1    1    1    1  2.56470E-01 0.00071 
   17   17    1    1     1     1     1    1    1    1  2.62371E-01 0.00067 
   18   18    1    1     1     1     1    1    1    1  1.00105E-01 0.00094 
   19   19    1    1     1     1     1    1    1    1  1.35353E-01 0.00072 
   20   20    1    1     1     1     1    1    1    1  2.74900E-01 0.00069 
   21   21    1    1     1     1     1    1    1    1  2.79840E-01 0.00067 
   22   22    1    1     1     1     1    1    1    1  2.85762E-01 0.00070 
   23   23    1    1     1     1     1    1    1    1  2.54534E-01 0.00072 
   24   24    1    1     1     1     1    1    1    1  2.95904E-01 0.00061 
   25   25    1    1     1     1     1    1    1    1  3.04391E-01 0.00060 
   26   26    1    1     1     1     1    1    1    1  7.97601E-02 0.00088 
   27   27    1    1     1     1     1    1    1    1  1.93706E-01 0.00068 
   28   28    1    1     1     1     1    1    1    1  1.55010E-01 0.00070 
   29   29    1    1     1     1     1    1    1    1  1.56268E-01 0.00072 
   30   30    1    1     1     1     1    1    1    1  3.06452E-01 0.00061 
   31   31    1    1     1     1     1    1    1    1  3.02298E-01 0.00060 
   32   32    1    1     1     1     1    1    1    1  2.31382E-01 0.00065 
   33   33    1    1     1     1     1    1    1    1  1.40306E-01 0.00079 
   34   34    1    1     1     1     1    1    1    1  3.78831E-01 0.00054 
   35   35    1    1     1     1     1    1    1    1  3.85441E-01 0.00056 
   36   36    1    1     1     1     1    1    1    1  3.43047E-01 0.00056 
   37   37    1    1     1     1     1    1    1    1  3.47636E-01 0.00056 
   38   38    1    1     1     1     1    1    1    1  5.03076E-02 0.00107 
   39   39    1    1     1     1     1    1    1    1  4.05931E-01 0.00059 
   40   40    1    1     1     1     1    1    1    1  3.62647E-01 0.00063 
   41   41    1    1     1     1     1    1    1    1  4.21136E-01 0.00057 
   42   42    1    1     1     1     1    1    1    1  4.28562E-01 0.00055 
   43   43    1    1     1     1     1    1    1    1  5.41354E-02 0.00091 
   44   44    1    1     1     1     1    1    1    1  1.63323E-01 0.00074 
   45   45    1    1     1     1     1    1    1    1  1.64096E-01 0.00065 
   46   46    1    1     1     1     1    1    1    1  4.42558E-01 0.00053 
   47   47    1    1     1     1     1    1    1    1  4.51066E-01 0.00051 
   48   48    1    1     1     1     1    1    1    1  4.57875E-01 0.00055 
   49   49    1    1     1     1     1    1    1    1  4.08756E-01 0.00054 
   50   50    1    1     1     1     1    1    1    1  4.56437E-01 0.00053 
   51   51    1    1     1     1     1    1    1    1  4.31872E-01 0.00053 
   52   52    1    1     1     1     1    1    1    1  6.23034E-02 0.00104 
   53   53    1    1     1     1     1    1    1    1  4.39935E-01 0.00049 
   54   54    1    1     1     1     1    1    1    1  5.11596E-01 0.00053 
   55   55    1    1     1     1     1    1    1    1  5.20792E-01 0.00047 
   56   56    1    1     1     1     1    1    1    1  4.66213E-01 0.00053 
   57   57    1    1     1     1     1    1    1    1  5.42451E-01 0.00048 
   58   58    1    1     1     1     1    1    1    1  5.51868E-01 0.00047 
   59   59    1    1     1     1     1    1    1    1  5.59053E-01 0.00046 
   60   60    1    1     1     1     1    1    1    1  4.96115E-01 0.00051 
   61   61    1    1     1     1     1    1    1    1  5.71362E-01 0.00046 
   62   62    1    1     1     1     1    1    1    1  4.66267E-01 0.00047 
   63   63    1    1     1     1     1    1    1    1  6.76638E-02 0.00093 
   64   64    1    1     1     1     1    1    1    1  4.11852E-01 0.00048 
   65   65    1    1     1     1     1    1    1    1  2.96487E-01 0.00063 
   66   66    1    1     1     1     1    1    1    1  4.91340E-01 0.00049 
   67   67    1    1     1     1     1    1    1    1  5.49275E-01 0.00048 
   68   68    1    1     1     1     1    1    1    1  6.77857E-01 0.00045 
   69   69    1    1     1     1     1    1    1    1  4.44217E-01 0.00048 
   70   70    1    1     1     1     1    1    1    1  2.64656E-01 0.00053 
   71   71    1    1     1     1     1    1    1    1  7.36926E-01 0.00044 
   72   72    1    1     1     1     1    1    1    1  6.63130E-01 0.00042 
   73   73    1    1     1     1     1    1    1    1  7.83082E-01 0.00043 
   74   74    1    1     1     1     1    1    1    1  8.08895E-01 0.00042 
   75   75    1    1     1     1     1    1    1    1  7.33419E-01 0.00041 
   76   76    1    1     1     1     1    1    1    1  8.38493E-01 0.00040 
   77   77    1    1     1     1     1    1    1    1  5.48494E-01 0.00047 
   78   78    1    1     1     1     1    1    1    1  3.32640E-01 0.00049 
   79   79    1    1     1     1     1    1    1    1  7.88859E-01 0.00041 
   80   80    1    1     1     1     1    1    1    1  9.27671E-01 0.00040 
   81   81    1    1     1     1     1    1    1    1  9.56518E-01 0.00039 
   82   82    1    1     1     1     1    1    1    1  9.77031E-01 0.00037 
   83   83    1    1     1     1     1    1    1    1  7.73316E-01 0.00041 
   84   84    1    1     1     1     1    1    1    1  9.92982E-01 0.00035 
   85   85    1    1     1     1     1    1    1    1  7.82244E-01 0.00035 
   86   86    1    1     1     1     1    1    1    1  4.70817E-01 0.00044 
   87   87    1    1     1     1     1    1    1    1  1.13049E+00 0.00032 
   88   88    1    1     1     1     1    1    1    1  1.33204E+00 0.00031 
   89   89    1    1     1     1     1    1    1    1  1.32658E+00 0.00030 
   90   90    1    1     1     1     1    1    1    1  1.22598E+00 0.00031 
   91   91    1    1     1     1     1    1    1    1  1.41800E+00 0.00031 
   92   92    1    1     1     1     1    1    1    1  1.49290E+00 0.00030 
   93   93    1    1     1     1     1    1    1    1  9.18545E-01 0.00034 
   94   94    1    1     1     1     1    1    1    1  5.52243E-01 0.00037 
   95   95    1    1     1     1     1    1    1    1  1.22899E+00 0.00030 
   96   96    1    1     1     1     1    1    1    1  1.22231E+00 0.00028 
   97   97    1    1     1     1     1    1    1    1  1.28686E+00 0.00027 
   98   98    1    1     1     1     1    1    1    1  1.22473E+00 0.00027 
   99   99    1    1     1     1     1    1    1    1  1.62870E+00 0.00026 
  100  100    1    1     1     1     1    1    1    1  1.72163E+00 0.00027 
  101  101    1    1     1     1     1    1    1    1  4.48590E-01 0.00034 
  102  102    1    1     1     1     1    1    1    1  1.10464E+00 0.00030 
  103  103    1    1     1     1     1    1    1    1  1.80467E+00 0.00027 
